 
                                         6 3 
 
11221124344445  3355  32355215  4423113232  1215  1144  24  1133  343553 
53244523  4524331544  243425514324355144  23113414  13435144231514  113414  35154353354334 
53231534  2335514344  23115215  14431124341514  232444  1232353514  113414  212432321514  232444  12433553 
53244523  3224341544  113414  5343243431321544  53231534  232444  5535514523215132  33354334 
23114523  454311521532321514  3534  4535  11221544  444515154155  3424222345 
113414  113232  4523354415  1215115145241544  53231543153521  343553  231544  31243422 
114315  521134244423243422  3543  5211342444231514  355145  3521  4424222345 
4445151132243422  11531155  452315  4543151144514315  3521  232444  444143243422 
213543  44511323  11  45243315  1435  24  343553  21354345242155 
11221124344445  1335342135513414243422  11221544  1343511532  3134242115 
45231145  2315  4423113232  3415521543  135145  21433533  331533354355 
3355  4453151545  3235521544  121511514555  452335512223  3355  323552154344  32242115 
    232444  121511514555  4423113232  2434  4523154415  1232111331  3224341544  1215  44151534 
    113414  45231555  4423113232  32245215  113414  2315  2434  45231533  4445243232  2243151534 
 
3324312453353422 
