 
 
1144  21114445  1144  45233551  4423113245  53113415  4435  21114445  45233551  224335534445 
2434  353415  3521  4523243415  21433533  45231145  5323241323  45233551  141541114345154445 
113414  45231145  2143154423  1232353514  5323241323  55355134223255  45233551  1215444535534445 
45233551  3311554445  13113232  4523243415  53231534  45233551  21433533  5535514523  13353452154345154445 
231543152434  3224521544  532444143533  121511514555  113414  2434134315114415 
53244523355145  45232444  2135323255  112215  113414  13353214  1415131155 
2421  113232  53154315  332434141514  4435  452315  4524331544  442335513214  1315114415 
113414  45234315154413354315  55151143  5335513214  33113115  452315  5335433214  11531155 
321545  4523354415  53233533  341145514315  23114523  343545  33111415  213543  4445354315 
2311434423  2115114551431532154444  113414  43511415  1211434315343255  411543244423 
32353531  53233533  442315  12154445  15341435531514  442315  22115215  45231515  33354315 
5323241323  123551344515355144  22242145  45233551  4423355132144445  2434  123551344555  13231543244423 
    442315  131143521514  45231515  213543  231543  44151132  113414  3315113445  45231543151255 
    45233551  4423355132144445  4143243445  33354315  343545  321545  45231145  13354155  142415 
 
1215121132112235 
