 
 
45235144  131134  3355  32355215  155413514415  452315  44323553  35212115341315 
3521  3355  14513232  121511431543  53231534  21433533  45231515  24  4441151514 
21433533  5323154315  45233551  114345  532355  442335513214  24  2311444515  3315  452315341315 
45243232  24  431545514334  3521  41354445243422  2444  3435  34151514 
35  53231145  155413514415  53243232  3355  41353543  1215114445  45231534  21243414 
53231534  4453242145  155445431533244555  131134  44151533  125145  44323553 
45231534  442335513214  24  44415143  452335512223  33355134451514  3534  452315  53243414 
2434  532434221514  4441151514  3435  333545243534  4423113232  24  31343553 
45231534  131134  3435  2335434415  53244523  3355  141544244315  31151541  41111315 
452315431521354315  141544244315  3521  411543211513454445  32355215  1215243422  33111415 
4423113232  3415242223  3435  14513232  2132154423  2434  232444  2124154355  43111315 
125145  32355215  213543  32355215  45235144  4423113232  155413514415  3355  25111415 
    4424341315  21433533  45231515  2235243422  2315  53153445  53243221513244323553 
    45355311431444  45231515  243232  435134  113414  22245215  232433  3215115215  4535  2235 
 
4545431134 5 6 
