 
 
53231534  4535  452315  4415444424353444  3521  4453151545  442432153445  45233551222345 
24  445133333534  5141  4315331533124311341315  3521  452324342244  41114445 
24  44242223  452315  32111331  3521  33113455  11  4523243422  24  443551222345 
113414  53244523  353214  53351544  341553  53112432  3355  14151143  4524331544  5311444515 
45231534  131134  24  1443355334  1134  155515  513451441514  4535  21323553 
213543  4143151324355144  21432415341444  232414  2434  141511452344  1411451532154444  3424222345 
113414  53151541  112143154423  3235521544  32353422  4424341315  131134131532321514  533515 
113414  33351134  4523  15544115344415  3521  33113455  11  5211342444231514  4424222345 
45231534  131134  24  224324155215  1145  22432415521134131544  2135431522353415 
113414  23151152243255  21433533  533515  4535  533515  45153232  351543 
452315  441114  11131335513445  3521  213543151215333511341514  33351134 
5323241323  24  341553  411155  1144  2421  343545  41112414  121521354315 
    125145  2421  452315  5323243215  24  4523243431  3534  45231515  14151143  214324153414 
    113232  323544441544  114315  4315444535431514  113414  44354343355344  153414 
 
1312355145433544 
