 
 
45231534  321545  343545  53243445154344  431122221514  23113414  141521111315 
2434  45231515  452355  445133331543  154315  45233551  1215  142444452432321514 
33113115  4453151545  44353315  52241132  4543151144514315  45233551  44353315  4132111315 
53244523  12151151455544  4543151144514315  154315  2445  1215  44153221312432321514 
45231145  514415  2444  343545  213543122414141534  5144514355 
5323241323  23114141241544  4523354415  45231145  411155  452315  53243232243422  32351134 
4523114544  213543  452355  44153221  4535  1243151514  11343545231543  45231515 
3543  451534  4524331544  23114141241543  1215  2445  451534  213543  353415 
451534  4524331544  452355  44153221  53154315  23114141241543  45231134  45233551  114345 
2421  451534  3521  4523243415  451534  4524331544  431521242251431514  45231515 
45231534  53231145  1335513214  1415114523  1435  2421  45233551  4423355132144445  141541114345 
32151152243422  45231515  322452243422  2434  413544451543244555 
    1215  343545  44153221532432321514  213543  45233551  114345  33511323  453535  21112443 
    4535  1215  141511452344  1335344251154445  113414  33113115  5335433344  4523243415  23152443 
 
1511132351 
