 
 
1144  1134  513441154321151345  1113453543  3534  452315  4445112215 
532335  53244523  232444  21151143  2444  415145  121544241415  232444  41114345 
3543  44353315  212415431315  4523243422  43154132154515  53244523  453535  33511323  43112215 
5323354415  444543153422452344  111251341411341315  53151131153444  232444  355334  2315114345 
4435  24  213543  21151143  3521  4543514445  213543221545  4535  441155 
452315  41154321151345  1315431533353455  3521  3235521544  43244515 
113414  2434  33243415  355334  3235521544  4445431534224523  44151533  4535  1415131155 
35154313231143221514  53244523  12514345231534  3521  33243415  355334  3235521544  3324222345 
35  321545  3355  3235353144  1215  45231534  452315  153235425115341315 
113414  14513312  414315441122154344  3521  3355  4441151131243422  124315114445 
532335  4132151114  213543  32355215  113414  32353531  213543  43151335334115344415 
33354315  45231134  45231145  453534225115  45231145  33354315  23114523  33354315  155441431544441514 
    35  3215114334  4535  43151114  53231145  442432153445  32355215  23114523  53432445 
    4535  23151143  53244523  15551544  12153235342244  4535  3235521544  21243415  532445 
 
4414313424222345 
