 
                                         4 
 
513445234324214555  32355215322434154444  532355  14354445  45233551  4441153414 
51413534  452355  44153221  452355  12151151455544  321522111355 
34114551431544  12154251154445  2224521544  34354523243422  125145  14354523  32153414 
113414  1215243422  2143113431  442315  3215341444  4535  4523354415  114315  21431515 
45231534  121511514515355144  34242222114314  532355  14354445  45233551  1112514415 
452315  123551344515355144  32114322154444  2224521534  45231515  4535  22245215 
41433521244532154444  514451431543  532355  14354445  45233551  514415 
4435  2243151145  11  445133  3521  44513344  551545  1311344445  343545  32245215 
213543  231152243422  45431121212413  53244523  452355  44153221  1132353415 
45233551  3521  452355  44153221  452355  4453151545  44153221  14354445  14151315245215 
45231534  233553  53231534  341145514315  1311323244  45231515  4535  1215  22353415 
53231145  11131315414511123215  1151142445  1311344445  45233551  3215115215 
    452355  513451441514  121511514555  33514445  1215  453533121514  53244523  45231515 
    5323241323  51441514  3224521544  4523  1554151351453543  4535  1215 
 
1323251251433115 
