 
 
532335  53243232  12153224155215  3355  5215434415  2434  45243315  4535  13353315 
2421  2445  53154315  212432321514  53244523  55355143  33354445  23242223  14154415434544 
452335512223  551545  231511521534  3134355344  2445  2444  125145  1144  11  45353312 
5323241323  2324141544  55355143  32242115  113414  4423355344  343545  23113221  55355143  4111434544 
2421  24  1335513214  5343244515  452315  121511514555  3521  55355143  15551544 
113414  2434  2143154423  34513312154344  345133121543  113232  55355143  224311131544 
452315  112215  4535  13353315  5335513214  441155  45232444  41351545  32241544 
44511323  2315115215343255  45355113231544  34151543  45355113231514  15114345233255  2111131544 
4435  442335513214  3355  411141154344  5515323235531514  53244523  4523152443  112215 
1215  44133543341514  32243115  353214  331534  3521  32154444  4543514523  45231134  453534225115 
113414  55355143  45435115  432422234544  1215  451543331514  11  4135154544  43112215 
113414  444543154513231514  3315454315  3521  1134  11344524425115  44353422 
    125145  53154315  44353315  1323243214  3521  5535514344  1132245215  45231145  45243315 
    553551  442335513214  32245215  4553241315  2434  2445  113414  2434  3355  4323553315 
 
331243112434 
