 
 
321545  4523354415  532335  114315  2434  211152355143  53244523  4523152443  4445114344 
3521  415112322413  233534355143  113414  4143355114  452445321544  1235114445 
532324324445  24  53233533  21354345513415  3521  44511323  45432451334123  12114344 
5134323535311514  213543  253555  2434  45231145  24  233534355143  33354445 
2243151145  41432434131544  21115235514324451544  4523152443  21112443  321511521544  444143151114 
125145  1144  452315  3311432422353214  1145  452315  44513444  155515 
113414  2434  45231533441532521544  4523152443  4143241415  32241544  125143241514 
213543  1145  11  2143355334  45231555  2434  4523152443  2232354355  142415 
452315  41112434215132  53114343243543  2111333551441514  213543  2124222345 
1121451543  11  4523355144113414  522413453543241544  35341315  213524321514 
2444  21433533  452315  12353531  3521  233534355143  4311441514  4251244515 
113414  113232  452315  43154445  213543223545  213543  5323241323  2315  453524321514 
    45231534  2311414155  24  45231145  32355215  113414  1133  12153235521514 
    5323154315  24  331155  343545  431533355215  343543  1215  43153335521514 
 
11144311331544 
