 
 
2444  2445  452355  53243232  452355  2433112215  442335513214  31151541  35411534 
3355  2315115255  15551532241444  4535  452315  5315114355  3424222345 
14354445  45233551  141544244315  3355  4432513312154344  442335513214  1215  124335311534 
5323243215  44231114355344  32243115  4535  45231515  1435  33351331  3355  4424222345 
2444  2445  452355  444124432445  45231145  45233551  441534144445  21433533  45231515 
4435  211143  21433533  23353315  24344535  3355  1415151444  4535  414355 
4535  21243414  355145  442311331544  113414  24143215  2335514344  2434  3315 
452315  4413354115  113414  451534514315  3521  452355  2515113235514455 
35  3435  452355  32355215  452335512223  33511323  2444  343545  4435  2243151145 
2445  2444  3355  32355215  45231145  3115154144  33243415  155515  1153113115 
33243415  355334  45435115  32355215  45231145  14354523  3355  43154445  141521151145 
4535  41321155  452315  5311451323331134  15521543  213543  452355  44113115 
    213543  45231515  5311451323  24  532324324445  45233551  14354445  53113115  153244155323154315 
    21433533  3315  211143  352121  53244523  354523154344  113232  453535  34151143 
 
1345235143333534 
