 
 
35  45231145  553551  53154315  55355143  44153221  125145  32355215  553551  114315 
3435  323534221543  5535514344  45231134  553551  55355143  44153221  23154315  32245215 
11221124344445  45232444  133533243422  153414  553551  442335513214  41431541114315 
113414  55355143  4453151545  441533123211341315  4535  44353315  3545231543  22245215 
4435  442335513214  45231145  121511514555  5323241323  553551  23353214  2434  3215114415 
21243414  3435  14154515433324341145243534  45231534  553551  53154315 
55355143  44153221  1122112434  1121451543  55355143  4415322144  14151315114415 
53231534  55355143  4453151545  2444445115  55355143  4453151545  21354333  442335513214  12151143 
532335  32154544  4435  21112443  11  2335514415  21113232  4535  1415131155 
5323241323  235144121134144355  2434  233534355143  3324222345  514123353214 
11221124344445  452315  444535433355  2251444544  3521  53243445154344  141155 
113414  121143431534  43112215  3521  141511452344  15451543341132  13353214 
    35  34353415  125145  513445234324214544  14151143  3355  32355215  553551  31343553 
    553551  231114  11  211145231543  321545  55355143  443534  441155  4435 
 
32442435 
