 
                                         1 5 
 
53231534  24  1335344424141543  1552154355  4523243422  45231145  2243355344 
2335321444  2434  41154321151345243534  125145  11  322445453215  333533153445 
45231145  45232444  23512215  4445112215  41431544153445154523  343551222345  125145  4423355344 
53231543153534  452315  4445114344  2434  441513431545  243421325115341315  13353333153445 
53231534  24  4115431315245215  45231145  331534  1144  413211344544  2434134315114415 
13231515431514  113414  13231513311514  15521534  1255  452315  4415322144113315  443155 
5211513445  2434  4523152443  5535514523215132  441141  1145  231524222345  1415134315114415 
113414  53151143  4523152443  1243115215  4445114515  355145  3521  331533354355 
45231534  452315  13353413152445  3521  45232444  24341335344445113445  44451155 
44154544  553551  33354445  43241323  2434  5535514523  121521354315  3355  4424222345 
5323154315  5311444515215132  45243315  1415121145154523  53244523  1415131155 
4535  132311342215  55355143  141155  3521  5535514523  4535  44513232241514  3424222345 
    113414  113232  2434  531143  53244523  45243315  213543  32355215  3521  553551 
    1144  2315  4511311544  21433533  553551  24  15342243112145  553551  341553 
 
2553112215344415 
