 
                                         5 8 
 
45231145  223514  213543122414  45231145  33111415  3315  2124434445  55355143  4432115215 
24  442335513214  2434  45233551222345  13353445433532  55355143  4524331544  3521  4132151144514315 
3543  1145  55355143  23113414  4523  11131335513445  3521  2335514344  4535  1343115215 
1215243422  55355143  521144441132  1235513414  4535  44451155  55355143  32152444514315 
35  321545  3315  445121211543  1215243422  1145  55355143  12151331 
4523  24334143244435341514  11124415341315  3521  55355143  32241215434555 
113414  4111452415341315  45113315  4535  44512121154311341315  12241415  15111323  1323151331 
53244523355145  1113135144243422  553551  3521  243425514355 
1215  5323154315  553551  32244445  55355143  13231143451543  2444  4435  444543353422 
45231145  553551  55355143  44153221  331155  414324522432112215  55355143  45243315 
4535  53231145  553551  53243232  4535  553551  2445  14354523  121532353422 
55355143  44153221  4535  411143143534  3521  441532211435243422  1343243315 
    24  1133  4535  53112445  452335512223  53112445243422  4435  1215  23153232 
    343545  1232113315  55355143  4132151144514315  1215  2445  243232  3543  53153232 
 
33132132243445 
