 
                                         5 0 
 
233553  2315115255  1435  24  25355143341555  3534  452315  531155 
53231534  53231145  24  44151531  3355  5315114355  45431152153244  153414 
14354523  4515111323  45231145  13114415  113414  45231145  431541354415  4535  441155 
45235144  211143  452315  3324321544  114315  3315114451431514  21433533  452355  214324153414 
452315  1215114445  45231145  1215114344  3315  4524431514  53244523  3355  533515 
4132351444  1451323255  3534  4535  12151143  45231145  531524222345  2434  3315 
1144  2421  1255  44353315  2434444524341345  452315  534315451323  142414  31343553 
232444  4324141543  3235521514  343545  4441151514  1215243422  33111415  21433533  45231515 
452315  123235351455  44415143  131134343545  41433552353115  232433  3534 
45231145  443533154524331544  1134221543  45234351444544  24344535  232444  23241415 
5323241323  23151152243255  2315  11344453154344  53244523  11  2243351134 
33354315  4423114341  4535  3315  45231134  4441514343243422  4535  232444  44241415 
    213543  45231145  44113315  2243351134  14354523  415145  45232444  2434  3355  33243414 
    3355  2243241521  32241544  353453114314  113414  3355  253555  121523243414 
 
1111533535 
