 
                                         4 9 
 
11221124344445  45231145  45243315  2421  15521543  45231145  45243315  13353315 
53231534  24  4423113232  441515  45231515  2143355334  3534  3355  14152115134544 
53231534  1144  452355  32355215  23114523  13114445  232444  514533354445  445133 
131132321514  4535  45231145  1151142445  1255  11145224441514  4315444115134544 
11221124344445  45231145  45243315  53231534  45233551  4423113245  444543113422153255  41114444 
113414  4413114313153255  2243151545  3315  53244523  45231145  445134  4523243415  155515 
53231534  32355215  133534521543451514  21433533  452315  4523243422  2445  531144 
4423113232  43151144353444  21243414  3521  44154545321514  22431152244555 
11221124344445  45231145  45243315  1435  24  1534441335341315  3315  23154315 
532445232434  452315  313435533215142215  3521  33243415  355334  141544154345 
113414  45232444  3355  23113414  11221124344445  3355  44153221  514143151143 
4535  2251114314  452315  321153215132  43151144353444  3534  452355  41114345 
    4535  3215115215  41353543  3315  45233551  23114445  452315  4445431534224523  3521  32115344 
    4424341315  532355  4535  32355215  24  131134  113232152215  3435  1311514415 
 
15321134243424 
