 
 
12154553245445  33243415  155515  113414  2315114345  11  321511225115  2444  45353531 
113414  15111323  14354523  22353514  4551433444  343553  51344535  452315  3545231543 
53231534  45231145  33243415  155515  2444  2111332444231514  213543  11  32353531 
3543  2315114345  2434  32355215  53244523  4424222344  23243344153221  14354523  44333545231543 
53244523  3355  3235521544  41241345514315  45231534  3355  155515  14354523  2115114445 
113414  4535  452315  41112434451514  12113442511545  12241444  3355  2315114345 
11343545231543  45243315  33243415  155515  2444  3355  231511434544  2251154445 
113414  2434  232444  4523355122234544  3521  32355215  14354523  4423114315  11  41114345 
4435  152445231543  1255  452355  41241345514315  3543  3355  32355215 
452355  44153221  11531155  114345  41431544153445  4445243232  53244523  3315 
213543  45233551  343545  21114345231543  45231134  3355  4523355122234544  1311344445  33355215 
113414  24  1133  4445243232  53244523  45231533  113414  45231555  53244523  45231515 
    3543  2421  45231555  4432151541  452355  41241345514315  2434  3355  4424222345 
    115311311544  3355  2315114345  4535  231511434544  113414  15551544  14153224222345 
 
45451323243422 
