 
 
4524431514  53244523  113232  4523154415  213543  43154445215132  1415114523  24  134355 
1144  4535  121523353214  141544154345  11  121522221143  12354334 
113414  3415151455  34354523243422  45432433331514  2434  25353232244555 
113414  415143154445  2111244523  513423114141243255  2135434453354334 
113414  222432141514  233534355143  44231133152151323255  332444413211131514 
113414  331124141534  522443455115  435114153255  44454351334115451514 
113414  4324222345  41154321151345243534  53433534222151323255  142444224311131514 
113414  4445431534224523  1255  32243341243422  44531155  1424441112321514 
113414  114345  33111415  45353422511545241514  1255  115145233543244555 
113414  2135323255  14351345354332243115  1335344543353232243422  4431243232 
113414  442433413215  4543514523  332444131132321514  44243341322413244555 
113414  13114145245215  22353514  114545153414243422  13114145112434  243232 
    4524431514  53244523  113232  4523154415  21433533  4523154415  5335513214  24  1215  22353415 
    44115215  45231145  4535  142415  24  3215115215  3355  32355215  1132353415 
 
2535114445154334 
