 
 
233553  131134  3355  33514415  53113445  44511225151345  4535  243452153445 
5323243215  45233551  14354445  12431511452315  45231145  413551434445  24344535  3355  5215434415 
4523243415  355334  4453151545  1143225133153445  453535  155413153232153445 
213543  1552154355  525132221143  4111411543  4535  4315231511434415 
35  22245215  452355  44153221  452315  452311343144  2421  1151222345  2434  3315 
533543452355  41154351441132  4445113414  11221124344445  452355  4424222345 
213543  53233544  4435  14513312  45231145  131134343545  5343244515  4535  45231515 
53231534  45233551  452355  44153221  14354445  22245215  243452153445243534  3224222345 
1215  45233551  452315  4515344523  33514415  451534  4524331544  33354315  2434  5335434523 
45231134  4523354415  353214  34243415  5323241323  43235533154344  2434523513114515 
113414  2315  45231145  1311323244  3534  45231515  321545  232433  1243243422  2135434523 
15451543341132  34513312154344  4535  35514532245215  32353422  14114515 
    2421  3355  443224222345  33514415  1435  413215114415  4523154415  13514324355144  14115544 
    452315  41112434  1215  33243415  125145  4523243415  4423113232  1215  452315  414311244415 
 
1533252243151534 
