 
                                         5 
 
4523354415  2335514344  45231145  53244523  221534453215  53354331  142414  2143113315 
452315  323552153255  22114415  5323154315  1552154355  155515  14354523  1453153232 
53243232  41321155  452315  45554311344544  4535  452315  52154355  44113315 
113414  45231145  513421112443  5323241323  211124433255  14354523  1554131532 
213543  341552154343154445243422  45243315  3215111444  445133331543  3534 
4535  23241415355144  532434451543  113414  133534213551341444  232433  4523154315 
441141  13231513311514  53244523  2143354445  113414  3251444555  321511521544  4251244515  22353415 
121511514555  351543443435531514  113414  1211431534154444  1552154355  5323154315 
45231534  53154315  343545  44513333154344  142444452432321145243534  32152145 
11  322442512414  4143244435341543  41153445  2434  5311323244  3521  2232114444 
12151151455544  152121151345  53244523  121511514555  53154315  121543152145 
343543  2445  343543  3435  4315331533124311341315  53231145  2445  531144 
    125145  21323553154344  142444452432321514  452335512223  45231555  53244523  532434451543  33151545 
    3215154415  125145  4523152443  44233553  4523152443  445112444511341315  4445243232  3224521544  4453151545 
 
4311551544451144 
