 
                                         2 8 
 
233553  131134  24  45231534  431545514334  2434  2311414155  413224222345 
45231145  1133  1415121143431514  452315  12153415212445  3521  43154445 
53231534  14115544  35414143154444243534  2444  343545  1511441514  1255  3424222345 
125145  141155  1255  3424222345  113414  3424222345  1255  141155  354141431544441514 
113414  15111323  452335512223  15341533241544  4535  15244523154344  4315242234 
1435  2434  13353444153445  4423113115  2311341444  4535  45354345514315  3315 
452315  353415  1255  45352432  452315  3545231543  4535  1335334132112434 
233553  211143  24  45352432  4445243232  21114345231543  352121  21433533  45231515 
24  45153232  452315  141155  4535  413215114415  232433  45233551  114345  124324222345 
113414  14354445  232433  2243111315  53231534  133235511444  1435  12323545  452315  231511521534 
4435  21321145451543  24  452315  4453114345133533413215542435341514  3424222345 
53231534  444111433132243422  4445114344  4553244315  343545  45233551  222432144445  452315  15521534 
    125145  141155  14354523  1411243255  14431153  3355  44354343355344  323534221543 
    113414  3424222345  14354523  34242223453255  33113115  224324152144  321534224523  44151533  4445433534221543 
 
43312243113445 
