 
 
3435  33354315  1215  22432415521514  1145  45231145  5323241323  45233551  23114445  14353415 
4335441544  23115215  452335433444  113414  442432521543  213551344511243444  335114 
133235511444  113414  1513322441441544  4445112434  12354523  33353534  113414  445134 
113414  323511452344353315  131134311543  3224521544  2434  4453151545154445  125114 
113232  331534  33113115  211151324544  113414  15521534  24  2434  45232444 
1151452335432444243422  452355  4543154441114444  53244523  13353341114315 
3355  44153221  13354343514145243422  44113252243422  452355  1133244444 
1554135144243422  452355  44243444  33354315  45231134  452355  44243444  114315 
213543  4535  452355  44153444511132  2111513245  24  1243243422  2434  4415344415 
452355  11145215434415  4111434555  2444  452355  1114523513114515 
113414  221124344445  3355  44153221  11  321153215132  41321511  1335333315341315 
44511323  1324522432  531143  2444  2434  3355  32355215  113414  23114515 
    45231145  24  1134  111313154444114355  3415151444  33514445  1215 
    4535  45231145  4453151545  4523241521  5323241323  443551433255  43351244  21433533  3315 
 
444544445134 
