 
 
53231145  2444  55355143  445112444511341315  53231543153521  114315  553551  33111415 
45231145  3324323224353444  3521  44454311342215  44231114355344  3534  553551  45153414 
4424341315  1552154355  353415  23114523  1552154355  353415  353415  4423111415 
113414  553551  125145  353415  131134  1552154355  442311143553  32153414 
1415441343241215  111435342444  113414  452315  1335513445154321152445 
2444  413535433255  2433244511451514  1121451543  553551 
3534  231532153444  1323151531  113232  114345  3521  121511514555  441545 
113414  553551  2434  22431513241134  4524431544  114315  41112434451514  341553 
4441151131  3521  452315  444143243422  113414  213524443534  3521  452315  55151143 
452315  353415  14354523  442311143553  3521  55355143  121511514555  44233553 
452315  3545231543  1144  55355143  123551344555  14354523  114141151143 
113414  553551  2434  1552154355  12321544441514  4423114115  5315  31343553 
    2434  113232  1554451543341132  2243111315  553551  23115215  44353315  41114345 
    125145  553551  32243115  34353415  34353415  553551  213543  1335344445113445  2315114345 
 
11442432521544 3 
