 
                                         2 4 
 
33243415  155515  23114523  413211551514  452315  41112434451543  113414  23114523  44451532321514 
452355  12151151455544  21354333  2434  4511123215  3521  3355  2315114345 
3355  12351455  2444  452315  2143113315  53231543152434  452444  23153214 
113414  4115434441151345245215  2445  2444  12154445  4111243445154344  114345 
213543  45234335512223  452315  41112434451543  33514445  553551  441515  232444  4431243232 
4535  21243414  5323154315  55355143  45435115  2433112215  4124134551431514  32241544 
5323241323  2434  3355  123544353344  44233541  2444  23113422243422  4445243232 
45231145  23114523  232444  53243414355344  223211441514  53244523  4523243415  15551544 
343553  441515  53231145  22353514  4551433444  15551544  213543  15551544  23115215  14353415 
33243415  15551544  23115215  1443115334  452355  4423114115  113414  4523243415  213543  3315 
114315  53243414355344  4535  3355  124315114445  532315431545234335512223  452315  445134 
1415322422234544  4535  41151541  4535  22114415  45231543152434  3534  45231515 
    551545  15551544  45232444  13513434243422  53113445  4535  2243111315  4523152443  114345 
    45231555  14431153  125145  53231145  45231555  441515  31343553  343545  452315  2315114345 
 
3244153252114524 
