 
                                         4 1 
 
4523354415  414315454555  534335342244  45231145  32241215434555  13353333244544 
53231534  24  1133  4435331545243315  111244153445  21433533  452355  2315114345 
452355  121511514555  113414  452355  5515114344  21513232  53153232  121521244544 
213543  4445243232  45153341451145243534  21353232355344  5323154315  45233551  114345 
221534453215  45233551  114345  113414  452315431521354315  4535  1215  533534 
121511514515355144  45233551  114345  452315431521354315  4535  1215  1144441124321514 
113414  53231534  11  5335331134  53353544  53231145  533533113444  443534 
53243232  443551433255  3215115215  231543  45243232  2315  23115215  414315521124321514 
1155  3315  125145  551545  45233551  33242223454445  3355  44151145  21354312151143 
113414  1323241415  452355  121511514555  113414  452355  4445431155243422  5535514523 
532335  32151114  45231515  2434  4523152443  43243545  15521534  4523154315 
5323154315  45233551  114345  213543131514  4535  1243151131  11  45533521353214  4543514523 
    23154344  1255  452355  121511514555  4515334145243422  231543  4535  45231515 
    4523243415  1255  452355  121511514555  1215243422  2111324415  4535  3315 
 
1215121132112235 
