 
 
321545  3315  13353421154444  45231145  5315  455335  33514445  1215  4553112434 
1132452335512223  355143  513414245224141514  3235521544  114315  353415 
4435  4423113232  4523354415  1232354544  45231145  1435  53244523  3315  431533112434 
53244523355145  452355  23153241  1255  3315  1215  1235433415  1132353415 
2434  355143  455335  3235521544  4523154315  2444  125145  353415  43154441151345 
452335512223  2434  355143  3224521544  11  441541114311123215  4441244515 
5323241323  452335512223  2445  1132451543  343545  3235521544  44353215  152121151345 
551545  14354523  2445  4445151132  4453151545  2335514344  21433533  3235521544  14153224222345 
24  331155  343545  1552154333354315  1113313435533215142215  45231515 
32154445  3355  1215531124321514  2251243245  442335513214  1435  45231515  4423113315 
343543  45233551  53244523  415112322413  3124341434154444  233534355143  3315 
513432154444  45233551  45113115  45231145  233534355143  21433533  452355  34113315 
    125145  1435  343545  4435  24  32355215  45231515  2434  44511323  44354345 
    1144  45233551  1215243422  33243415  33243415  2444  452355  22353514  431541354345 
 
3431554324113135 
