 
                                         4 8 
 
233553  13114315215132  531144  24  53231534  24  45353531  3355  531155 
15111323  454324213215  5134141543  454351154445  12114344  4535  452343514445 
45231145  4535  3355  514415  2445  3324222345  513451441514  44451155 
21433533  2311341444  3521  211132441523353514  2434  44514315  5311431444  3521  4543514445 
125145  45233551  4535  53233533  3355  251553153244  45432421321544  114315 
33354445  533543452355  13353321354345  343553  3355  2243151145154445  2243241521 
45233551  12154445  3521  14151143154445  113414  33243415  35343255  13114315 
114345  32152145  452315  41431555  3521  1552154355  525132221143  4523241521 
45231515  23115215  24  343545  323513311514  5141  2434  113455  1323154445 
44115215  5323154315  45233551  114345  343545  452335512223  24  21151532  45233551  114345 
532445232434  452315  221534453215  13323544514315  3521  3355  124315114445 
21433533  532315341315  1145  4132151144514315  45233551  3311554445  13353315  113414  41114345 
    113414  15521534  452315341315  45233551  53243245  1215  4445353234  24  21151143 
    213543  4543514523  414335521544  4523241552244423  213543  11  4143244415  4435  14151143 
 
1345235143333534 
