 
                                         4 6 
 
33243415  155515  113414  2315114345  114315  1145  11  333543451132  531143 
233553  4535  142452241415  452315  1335344251154445  3521  452355  4424222345 
33243415  155515  3355  2315114345  452355  4124134551431544  4424222345  5335513214  121143 
3355  2315114345  33243415  155515  452315  21431515143533  3521  45231145  4324222345 
3355  2315114345  14354523  4132151114  45231145  45233551  2434  232433  14354445  322415 
11  133235441545  3415521543  41241543131514  53244523  13435544451132  15551544 
125145  452315  141521153414113445  14354523  45231145  41321511  14153455 
113414  44115544  2434  232433  452355  21112443  11414115114311341315  32241544 
4535  44241415  45232444  4524453215  2444  24334111341532321514 
11  4251154445  3521  4523355122234544  113232  45153411344544  4535  452315  2315114345 
113414  1255  4523152443  52154314241345  2444  14154515433324341514 
452315  1332151143  15551544  333524154555  113414  452315  14151143  231511434544  41114345 
    1144  45235144  33243415  15551544  145115  2444  452355  35514553114314  41114345 
    113414  3355  231511434544  4324222345  452355  243453114314  32355215  3521  2315114345 
 
2531114544152121 
