 
 
343545  331143123215  343543  452315  222432141514  333534513315344544 
3521  41432434131544  4423113232  35514532245215  45232444  4135531543215132  4323553315 
125145  553551  4423113232  4423243415  33354315  124324222345  2434  4523154415  1335344515344544 
45231134  51344453154145  4445353415  121544331511431514  53244523  4432514545244423  45243315 
53231534  5311444515215132  531143  4423113232  44451145511544  3552154345514334 
113414  124335243244  43353545  355145  452315  53354331  3521  33114435344355 
343543  33114344  232444  4453354314  343543  53114344  4251241331  21244315  4423113232  12514334 
452315  322452243422  431513354314  3521  55355143  331533354355 
221124344445  1415114523  113414  113232351232245224355144  153433244555 
4423113232  553551  41111315  2135434523  55355143  414311244415  4423113232  4445243232  21243414  43353533 
15521534  2434  452315  15551544  3521  113232  413544451543244555 
45231145  53151143  45232444  5335433214  355145  4535  452315  153414243422  14353533 
    4435  45243232  452315  2551142233153445  45231145  55355143  44153221  1143244415 
    553551  32245215  2434  45232444  113414  1453153232  2434  323552154344  15551544 
 
3311115113435144 
