 
                                         3 2 
 
2421  45233551  44514352245215  3355  53153232133534451534451514  141155 
53231534  45231145  1323514332  1415114523  3355  1235341544  53244523  14514445  4423113232  1335521543 
113414  4423113245  1255  21354345513415  35341315  33354315  4315445143521555 
4523154415  41353543  43511415  3224341544  3521  452355  1415131511441514  3235521543 
13353341114315  45231533  53244523  452315  1215454543243422  3521  452315  45243315 
113414  452335512223  45231555  1215  3551454445432441411514  1255  1552154355  411534 
43154415435215  45231533  213543  3355  32355215  343545  213543  4523152443  4323553315 
1554131515141514  1255  452315  231524222345  3521  23114141241543  331534 
35  45231534  523551132344112115  3315  125145  45232444  323552243422  45233551222345 
231114  3355  21432415341444  33514415  2243355334  53244523  45232444  22433553243422  112215 
11  141511431543  1224434523  45231134  45232444  232444  32355215  231114  12433551222345 
4535  3311431323  2434  4311343144  3521  121545451543  1542512441112215 
    125145  4424341315  2315  14241514  113414  4135154544  121545451543  4143355215 
    452315244344  213543  4523152443  4445553215  243232  43151114  232444  213543  232444  32355215 
 
444544445134 
