 
 
21433533  21112443154445  134315114551431544  5315  141544244315  2434134315114415 
45231145  45231543151255  12151151455544  43354415  3324222345  3415521543  142415 
125145  1144  452315  4324411543  442335513214  1255  45243315  14151315114415 
232444  451534141543  23152443  3324222345  12151143  232444  331533354355 
125145  45233551  13353445431113451514  4535  4523243415  355334  124324222345  15551544 
211515144445  452355  322422234544  2132113315  53244523  441532214451124445113445241132  21511532 
331131243422  11  211133243415  5323154315  111251341411341315  32241544 
452355  44153221  452355  213515  4535  452355  4453151545  44153221  453535  1343511532 
45233551  45231145  114345  343553  452315  533543321444  2143154423  3543341133153445 
113414  35343255  231543113214  4535  452315  2211511455  444143243422 
532445232434  4523243415  355334  125114  12514324154445  452355  13353445153445 
113414  451534141543  1323514332  3311314445  5311444515  2434  34242222114314243422 
    41244555  452315  5335433214  3543  15324415  45232444  22325145453534  1215 
    4535  151145  452315  533543321444  145115  1255  452315  2243115215  113414  45231515 
 
4131114535354424 
