 
                                         6 0 
 
32243115  1144  452315  5311521544  33113115  45355311431444  452315  41151212321514  4423354315 
4435  1435  355143  33243451451544  231144451534  4535  4523152443  153414 
15111323  1323113422243422  4132111315  53244523  45231145  5323241323  22351544  121521354315 
2434  44154251153445  45352432  113232  2135435311431444  1435  13353445153414 
3411452452244555  35341315  2434  452315  33112434  3521  3224222345 
134311533244  4535  3311455143244555  532315431553244523  1215243422  13433553341514 
13433535311514  1513322441441544  221124344445  232444  2232354355  2124222345 
113414  45243315  45231145  22115215  14354523  343553  232444  22242145  1335342135513414 
45243315  14354523  4543113444212454  452315  2132355143244423  441545  3534  5535514523 
113414  141532521544  452315  411143113232153244  2434  12151151455544  12433553 
2115151444  3534  452315  4311432445241544  3521  34114551431544  4543514523 
113414  34354523243422  444511341444  125145  213543  232444  441355452315  4535  333553 
    113414  551545  4535  4524331544  2434  23354115  3355  5215434415  4423113232  4445113414 
    4143112444243422  452355  5335434523  14154441244515  232444  1343511532  23113414 
 
45322434 3 4 
