 
                                         7 
 
3235  2434  452315  354324153445  53231534  452315  2243111324355144  3224222345 
3224214544  5141  232444  12514334243422  23151114  15111323  5134141543  155515 
14354523  233533112215  4535  232444  341553114141151143243422  4424222345 
44154352243422  53244523  3235353144  232444  441113431514  33112515444555 
113414  231152243422  13322433121514  452315  44451515415141  2315115215343255  23243232 
43154415331232243422  444543353422  5535514523  2434  232444  332414143215  112215 
551545  333543451132  3235353144  1114354315  232444  121511514555  4445243232 
114545153414243422  3534  232444  223532141534  41243222432433112215 
125145  53231534  21433533  2324222333354445  4124451323  53244523  5315114355  131143 
32243115  211515123215  112215  2315  43151532154523  21433533  452315  141155 
452315  15551544  21354315  14514515355144  343553  133534521543451514  114315 
21433533  232444  323553  4543111345  113414  32353531  11343545231543  531155 
    4435  45233551  452355  44153221  3551452235243422  2434  452355  34353534 
    5134323535311514  3534  1424154445  513432154444  45233551  221545  11  443534 
 
14452351431151 
