 
                                         2 7 
 
5315114355  53244523  45352432  24  2311444515  3315  4535  3355  121514 
452315  14151143  43154441354415  213543  3224331244  53244523  454311521532  4524431514 
125145  45231534  121522243444  11  25355143341555  2434  3355  23151114 
4535  53354331  3355  33243414  53231534  1235145544  5335433144  15544124431514 
213543  45231534  3355  4523355122234544  21433533  211143  5323154315  24  1112241415 
243445153414  11  44151132355144  41243222432433112215  4535  45231515 
113414  31151541  3355  1443353541243422  15551532241444  35411534  53241415 
32353531243422  3534  1411433134154444  5323241323  452315  1232243414  1435  441515 
44115215  45231145  3355  4435513244  243311222434114355  4424222345 
4143154415344544  452355  442311143553  4535  3355  442422234532154444  52241553 
5323241323  32243115  11  2515531532  23513422  2434  22231144453255  3424222345 
3311311544  1232111331  3424222345  121511514515355144  113414  231543  353214  21111315  341553 
    3235  45235144  1255  141155  3355  3224331244  1255  3424222345  3355  33243414 
    213543  45231515  113414  213543  3355  44153221  3435  4251241545  21243414 
 
1512154334113244 
