 
                                         3 3 
 
21513232  33113455  11  2232354324355144  33354334243422  23115215  24  44151534 
21321145451543  452315  3335513445112434  45354144  53244523  443552154315242234  155515 
31244444243422  53244523  223532141534  21111315  452315  33151114355344  2243151534 
22243214243422  41113215  44454315113344  53244523  2315115215343255  11321323153355 
11343534  411543332445  452315  121144154445  133235511444  4535  43241415 
53244523  51223255  43111331  3534  232444  131532154445241132  21111315 
113414  21433533  452315  21354332354334  5335433214  232444  522444112215  23241415 
4445151132243422  513444151534  4535  53154445  53244523  45232444  1424442243111315 
15521534  4435  3355  445134  353415  1511433255  33354334  142414  4423243415 
53244523  113232  45432451334123113445  444132153414355143  3534  3355  12433553 
125145  355145  1132111331  2315  531144  125145  353415  23355143  33243415 
452315  431522243534  1332355114  23114523  331144311514  232433  21433533  3315  343553 
    551545  232433  213543  45232444  3355  32355215  3435  53232445  14244414112434154523 
    44513444  3521  452315  5335433214  331155  4445112434  53231534  23151152153444  445134  4445112434154523 
 
112531513422 
