 
                                         2 1 
 
4435  2444  2445  343545  53244523  3315  1144  53244523  45231145  33514415 
44452443431514  1255  11  41112434451514  121511514555  4535  232444  5215434415 
532335  231511521534  2445  44153221  213543  3543341133153445  14354523  514415 
113414  1552154355  21112443  53244523  232444  21112443  14354523  4315231511434415 
331131243422  11  13355141321533153445  3521  4143355114  13353341114315 
53244523  445134  113414  33353534  53244523  1511434523  113414  44151144  43241323  22153344 
53244523  114143243244  212443444512354334  21323553154344  113414  113232  452324342244  43114315 
45231145  23151152153444  112443  2434  45232444  23512215  43353414514315  23153344 
35  321545  3315  45435115  2434  32355215  125145  4543513255  5343244515 
113414  45231534  12153224155215  3315  3355  32355215  2444  1144  21112443 
1144  113455  33354523154344  1323243214  452335512223  343545  4435  124324222345 
1144  4523354415  22353214  13113414321544  2124541514  2434  23151152153444  112443 
    321545  45231533  441155  33354315  45231145  32243115  3521  23151143441155  53153232 
    24  53243232  343545  414311244415  45231145  41514341354415  343545  4535  44153232 
 
2535114445154334 
