 
                                         2 2 
 
3355  2232114444  4423113232  343545  4115434451111415  3315  24  1133  353214 
4435  32353422  1144  5535514523  113414  45233551  114315  3521  353415  14114515 
125145  53231534  2434  45231515  4524331544  21514343355344  24  121523353214 
45231534  32353531  24  1415114523  3355  14115544  442335513214  15544124114515 
213543  113232  45231145  121511514555  45231145  14354523  1335521543  45231515 
2444  125145  452315  441515333255  43112433153445  3521  3355  2315114345 
5323241323  2434  452355  124315114445  14354523  32245215  1144  4523243415  2434  3315 
233553  131134  24  45231534  1215  1532141543  45231134  45233551  114345 
35  452315431521354315  32355215  1215  3521  45235544153221  4435  53114355 
1144  24  343545  213543  3355  44153221  125145  213543  45231515  53243232 
12151143243422  452355  2315114345  5323241323  24  53243232  31151541  4435  1323114355 
1144  451534141543  3451434415  231543  12111215  21433533  211143243422  243232 
    41431544513315  343545  3534  452355  2315114345  53231534  33243415  2444  4432112434 
    45233551  2211524445  3315  4523243415  343545  4535  22245215  12111331  1122112434 
 
252155113422 
