 
 
2421  4523154315  1215  34354523243422  341553  125145  45231145  5323241323  2444 
23114523  12151534  121521354315  233553  114315  355143  124311243444  1215225124321514 
5323241323  321112355143243422  213543  243452153445243534  12151143  11332444 
452315  441513353414  12514345231534  3521  11  213543331543  1323243214 
35  45231145  431513354314  1335513214  53244523  11  1211133153114314  32353531 
15521534  3521  21245215  23513414431514  13355143441544  3521  452315  445134 
44233553  3315  55355143  2433112215  2434  44353315  11344524425115  12353531 
4424341315  33243414  1145  2124434445  2434  132311431113451543  531144  14353415 
45231145  24  3324222345  441515  53231145  452315  353214  5335433214  1335513214  441155 
4535  45232444  1335334135441514  533534141543  3521  55355143  2143113315 
53231545231543  5315  114315  331534141514  3543  53231545231543  121545451543  45231555 
3543  53231545231543  43155235325145243534  1215  452315  44113315 
    35  44514315  24  1133  452315  53244544  3521  213543331543  14115544 
    4535  4451122515134544  5335434415  23115215  2224521534  1114332443243422  414311244415 
 
343215151444 
