 
 
53231534  33354445  24  53243431  45231534  1435  33243415  15551544  12154445  441515 
213543  113232  452315  141155  45231555  52241553  452324342244  5134431544411513451514 
125145  53231534  24  4432151541  2434  144315113344  45231555  32353531  3534  45231515 
113414  141143313255  124324222345  114315  124324222345  2434  14114331  1424431513451514 
45231534  45233551  5323354415  442311143553  44231114355344  14354523  33113115  124324222345 
233553  5335513214  452355  44231114355344  21354333  21354333  2311414155  44233553 
4535  452315  1332151143  141155  53244523  452355  33511323  13321511431543  3224222345 
53231534  4535  5134441515243422  15551544  452355  4423111415  442324341544  4435 
233553  5335513214  24  441155  33243415  15551544  1215  12321544441514  33111415 
1255  32353531243422  3534  45231515  2434  452315  322452243422  141155 
53231534  2434  14151114  3424222345  452355  21112443  243341154321151345  4423111415 
45234335512223  2315115255  4432151541  3534  442422234532154444  15551544  14354523  44451155 
    113232  14115544  114315  342422234544  4535  441515  45243232  24  441515  45231515 
    113414  342422234544  124324222345  14115544  53231534  144315113344  1435  44233553  45231515  3315 
 
1244353414354444 
