 
 
4424341315  1243114444  343543  4445353415  343543  1511434523  343543  123551341432154444  441511 
125145  441114  333543451132244555  3515434453115544  4523152443  4135531543 
233553  53244523  45232444  43112215  4423113232  121511514555  23353214  11  41321511 
5323354415  111345243534  2444  3435  4445433534221543  45231134  11  213235531543 
35  233553  4423113232  44513333154344  2335341555  124315114523  23353214  355145 
11221124344445  452315  5343111331215132  4424152215  3521  1211454543243422  14115544 
53231534  4335133144  2433414315223411123215  114315  343545  4435  4445355145 
343543  2211451544  3521  4445151532  4435  444543353422  125145  45243315  141513115544 
35  21151143215132  33151424451145243534  5323154315  1132111331 
4423113232  4524331544  12154445  2515531532  21433533  4524331544  1323154445  322415  232414 
3543  53231145  444543353422  23113414  131134  23353214  232444  4453242145  21353545  12111331 
3543  532335  232444  4441352432  3521  121511514555  131134  213543122414 
    35  34353415  513432154444  45232444  33244311133215  23115215  3324222345 
    45231145  2434  1232111331  243431  3355  32355215  331155  4445243232  4423243415  124324222345 
 
2235231124434423 
