 
 
4435  1133  24  1144  452315  43241323  5323354415  12321544441514  311555 
131134  1243243422  232433  4535  232444  4453151545  5141323513311514  4543151144514315 
452315  5323241323  2315  53243232  343545  1552154355  23355143  445143521555 
213543  1232513445243422  452315  21243415  4135243445  3521  441532143533  4132151144514315 
452315431521354315  114315  211511444544  4435  443532153334  113414  4435  43114315 
4424341315  441532143533  133533243422  2434  45231145  32353422  55151143  441545 
32243115  444535341544  3521  5335434523  45231555  452324343255  413211131514  114315 
3543  13114145112434  251553153244  2434  452315  1311431311341545 
4435  2444  452315  45243315  45231145  3115154144  553551  1144  3355  1323154445 
3543  1144  452315  5311431443351215  5323241323  452315  43351215  14354523  23241415 
4535  33113115  44353315  44411513241132  24344445113445  444115132411321232154445 
1255  341553  513421353214243422  232444  24334143244435341514  4143241415 
    12321544441514  114315  553551  5323354415  53354345232434154444  2224521544  4413354115 
    1215243422  231114  4535  45432451334123  1215243422  321113311514  4535  23354115 
 
131534154324 
