 
 
4453151545  32355215  4315341553  452355  2135431315  1215  2445  343545  44112414 
452355  15142215  442335513214  12325134451543  1215  45231134  1141411545244515 
5323241323  125145  4535141155  1255  21151514243422  2444  11323211551514 
4535333543433553  442311434115341514  2434  232444  213543331543  3324222345 
4435  32355215  1215  45233551  1132452335512223  4535141155  45233551  21243232 
452355  235134224355  15551544  15521534  45243232  45231555  53243431  53244523  21513234154444 
4535333543433553  441515  1122112434  113414  1435  343545  31243232 
452315  444124432445  3521  32355215  53244523  11  411543411545511132  14513234154444 
321545  45232444  441114  24344515432433  32243115  452315  3513151134  1215 
5323241323  4111434544  452315  4423354315  5323154315  455335  13353445431113451514  341553 
13353315  1411243255  4535  452315  1211343144  45231145  53231534  45231555  441515 
431545514334  3521  32355215  33354315  1232154445  331155  1215  452315  52241553 
    3543  13113232  2445  532434451543  5323241323  1215243422  21513232  3521  13114315 
    3311311544  44513333154344  53153213353315  452343241315  33354315  532444231514  33354315  43114315 
 
43312243113445 
