 
                                         1 9 
 
141552355143243422  45243315  1232513445  45233551  452315  3224353444  41115344 
113414  33113115  452315  1511434523  141552355143  231543  355334  4453151545  1243353514 
4132511331  452315  31151534  4515154523  21433533  452315  212415431315  452422154344  25115344 
113414  12514334  452315  323534223224521514  41233515342454  2434  231543  1232353514 
33113115  22321114  113414  4435434355  44151144353444  1144  45233551  21321515454445 
113414  1435  53231145151543  45233551  53243245  4453242145213535451514  45243315 
4535  452315  53241415  5335433214  113414  113232  231543  211114243422  445315154544 
125145  24  213543122414  45231515  353415  33354445  23152434355144  1343243315 
35  1311435215  343545  53244523  452355  2335514344  3355  3235521544  21112443  12433553 
343543  14431153  3435  3224341544  4523154315  53244523  4523243415  11344524425115  411534 
232433  2434  452355  133551434415  513445112434451514  1435  1132323553 
213543  12151151455544  41114545154334  4535  44511313151514243422  331534 
    551545  1435  452355  5335434445  353214  45243315  14154441244515  452355  5343353422 
    3355  32355215  4423113232  2434  3355  5215434415  15521543  32245215  5535513422 
 
11144311331544 
