 
                                         2 6 
 
32354314  3521  3355  32355215  4535  53233533  2434  521144441132112215 
452355  3315432445  23114523  3355  14514555  4445433534223255  31342445 
4535  45231515  24  44153414  45232444  53432445451534  153312114444112215 
4535  53244534154444  14514555  343545  4535  44233553  3355  532445 
14514555  4435  2243151145  5323241323  532445  4435  41353543  1144  33243415 
331155  33113115  44151533  12114315  2434  53113445243422  5335431444  4535  44233553  2445 
125145  45231145  24  23354115  44353315  22353514  13353413152445  3521  4523243415 
2434  452355  4435513244  45233551222345  113232  3411311514  53243232  121544453553  2445 
45243232  53231145443515521543  44451143  45231145  225124141544  3355  333552243422 
413524344544  3534  3315  22431113243551443255  53244523  21112443  114441151345 
113414  41514544  11414111431532  3534  3355  4511454515431514  323552243422 
4535  44233553  3315  533543452355  3521  452355  4453151545  43154441151345 
    45231534  331155  24  14114315  4535  1235114445  233553  24  1435  32355215  45231515 
    45243232  45231534  343545  44233553  3355  23151114  5323154315  45233551  3311554445  4143355215  3315 
 
1133353411252515 
