 
                                         4 0 
 
45113115  113232  3355  3235521544  3355  32355215  551511  45113115  45231533  113232 
53231145  23114445  45233551  45231534  33354315  45231134  45233551  2311144445  121521354315 
3435  32355215  3355  32355215  45231145  45233551  3311554445  45435115  32355215  13113232 
113232  33243415  531144  4523243415  121521354315  45233551  2311144445  45232444  33354315 
45231534  2421  213543  3355  32355215  45233551  3355  32355215  431513152452154445 
24  131134343545  1232113315  45231515  213543  3355  32355215  45233551  5144154445 
125145  551545  1215  123211331514  2421  45233551  452355  44153221  141513152452154445 
1255  532432215132  4511444515  3521  53231145  452355  44153221  4315215144154445 
24  1435  21354322245215  452355  43351212154355  221534453215  4523241521 
1132452335512223  45233551  4445151132  45231515  113232  3355  41355215434555 
113414  551545  32355215  3134355344  2445  2444  11  22431511451543  2243241521 
4535  12151143  22431511451543  5343353422  45231134  2311451544  3134355334  243425514355 
    32114413245224355144  2243111315  2434  53233533  113232  243232  53153232  4423355344 
    31243232  3315  53244523  444124451544  551545  5315  33514445  343545  1215  21351544 
 
1345211143431134 
