 
                                         4 4 
 
2421  452315  14513232  445112444511341315  3521  3355  2132154423  53154315  45233551222345 
243425514324355144  1424444511341315  442335513214  343545  44453541  3355  531155 
213543  45231534  14154441244515  3521  4441111315  24  5335513214  1215  12433551222345 
21433533  322433244544  211143  431533354515  5323154315  45233551  14354445  44451155 
3435  331145451543  45231534  1132452335512223  3355  21353545  142414  4445113414 
51413534  452315  2111434523154445  1511434523  43153335521514  21433533  45231515 
213543  342433123215  45233551222345  131134  25513341  12354523  441511  113414  32113414 
1144  44353534  1144  4523243431  452315  4132111315  5323154315  2315  5335513214  1215 
125145  1123  45233551222345  3124323244  3315  45231145  24  1133  343545  45233551222345 
4535  32151141  3211432215  32153422452344  3521  3324321544  53231534  45233551  114345  22353415 
125145  45231145  4435  33511323  3521  1511434523  113414  5311451543  53433551222345 
24  33514445  114545153414  4524331544  32152444514315  53244523  3355  33351134 
    431513152452243422  343551222345  1255  1532153315344544  4435  44323553 
    125145  2315115255  4515114344  121114221544  3521  15244523154344  533515 
 
1221111215323235 
