 
                                         1 8 
 
4423113232  24  13353341114315  45231515  4535  11  44513333154344  141155 
45233551  114345  33354315  323552153255  113414  33354315  451533411543114515 
4335512223  5324341444  1435  4423113115  452315  14114332243422  12511444  3521  331155 
113414  44513333154344  3215114415  23114523  113232  453535  4423354345  11  14114515 
4435331545243315  453535  233545  452315  155515  3521  231511521534  442324341544 
113414  3521451534  2444  232444  22353214  13353341321554243534  142433331514 
113414  1552154355  21112443  21433533  21112443  4435331545243315  1415133224341544 
1255  132311341315  3543  34114551431544  1323113422243422  133551434415  513445432433331514 
125145  452355  15451543341132  445133331543  4423113232  343545  21111415 
343543  32354415  41354444154444243534  3521  45231145  21112443  45233551  35534445 
343543  4423113232  1415114523  12431122  45233551  5311341443154445  2434  232444  4423111415 
53231534  2434  15451543341132  3224341544  4535  45243315  45233551  224335534445 
    4435  32353422  1144  331534  131134  12431511452315  3543  15551544  131134  441515 
    4435  32353422  3224521544  45232444  113414  45232444  2224521544  32242115  4535  45231515 
 
3311115113435144 
