 
 
532355  1424144445  45233551  41433533244415  44511323  11  121511514515355144  141155 
113414  33113115  3315  454311521532  2135434523  53244523355145  3355  1332351131 
4535  321545  12114415  133235511444  35154345113115  3315  2434  3355  531155 
232414243422  452355  124311524355  2434  4523152443  433545451534  4433353115 
452444  343545  153435512223  45231145  45234335512223  452315  1332355114  45233551  1243151131 
4535  144355  452315  43112434  3534  3355  4445354333121511451534  21111315 
213543  3435  331134  53153232  3521  44511323  11  4411325215  131134  4441151131 
45231145  2315113244  452315  5335513414  113414  1351431544  343545  452315  1424442243111315 
343543  131134  452355  4423113315  22245215  412355442413  4535  3355  2243241521 
452335512223  45233551  431541153445  551545  24  23115215  4445243232  452315  32354444 
4523  352121153414154344  443543433553  3215341444  125145  53151131  431532241521 
4535  232433  45231145  1215114344  452315  444543353422  3521211534131544  1343354444 
    1123  125145  4523354415  4515114344  114315  4115114332  5323241323  452355  32355215  4423151444 
    113414  45231555  114315  43241323  113414  431134443533  113232  243232  1415151444 
 
4344231114333534 
