 
                                         5 4 
 
35  233553  33511323  33354315  14354523  121511514555  121511514515355144  44151533 
1255  45231145  4453151545  3543341133153445  5323241323  4543514523  14354523  22245215 
452315  43354415  3235353144  21112443  125145  211124431543  5315  2445  14151533 
213543  45231145  4453151545  3514355143  5323241323  14354523  2434  2445  32245215 
452315  131134311543  123235353344  23115215  21513232  1144  14151541  11  145515 
1144  452315  4115432151331514  4524341345514315  3521  452315  4335441544 
23113422  3534  44511323  452335433444  113414  41321155  1144  5311344535343255 
53231534  44513333154344  124315114523  4523152443  331144311514  12511444  142444133235441544 
125145  213543  4523152443  522443455115  35343255  2444  4523152443  44233553 
45231555  32245215  51345335351514  113414  5134431544411513451514  21111415 
142415  4535  45231533441532521544  4453151545  4335441544  1435  343545  4435 
3521  4523152443  4453151545  141511452344  114315  4453151545154445  351435514344  33111415 
    113414  4435  3521  553551  121511514515355144  113414  323552153255  5535514523 
    53231534  45231145  4423113232  21111415  3355  5215434415  1424444524323244  55355143  4543514523 
 
343313231534 
