 
 
53231534  24  1435  1335513445  452315  1332351331  45231145  4515323244  452315  45243315 
113414  441515  452315  1243115215  141155  44513431  2434  23241415355144  3424222345 
53231534  24  121523353214  452315  522435321545  41114445  4143243315 
113414  4411123215  1351433244  113232  4424325215431514  351543  53244523  5323244515 
53231534  3235214555  4543151544  24  441515  121143431534  3521  321511521544 
5323241323  15434445  21433533  23151145  142414  131134354155  452315  23154314 
113414  44513333154344  2243151534  113232  222443141514  5141  2434  44231511521544 
1235433415  3534  452315  12241543  53244523  5323244515  113414  12432444453255  1215114314 
45231534  3521  452355  121511514555  1435  24  4251154445243534  33113115 
45231145  45233551  1133353422  452315  531144451544  3521  45243315  33514445  2235 
4424341315  445315154544  113414  1215115145241544  1435  45231533441532521544  21354344113115 
113414  142415  1144  21114445  1144  45231555  441515  354523154344  22433553 
    113414  34354523243422  221124344445  4524331544  441355452315  131134  33113115  14152115341315 
    44115215  1243151514  4535  1243115215  232433  53231534  2315  4511311544  45231515  2315341315 
 
1114414143241315 
