 
 
452315  3545231543  455335  443224222345  112443  113414  41514322243422  21244315 
114315  12354523  53244523  45231515  5323154315521543  24  1112241415 
452315  2124434445  3355  45233551222345  452315  3545231543  3355  141544244315 
4523154415  41431544153445111244153445  53244523  4453242145  333545243534  4432241415 
213543  53231534  4523154415  42512413311543  1532153315344544  114315  22353415 
2434  451534141543  15331211444455  3521  32355215  4535  45231515 
3355  32242115  1215243422  33111415  3521  21355143  53244523  455335  1132353415 
4424343144  14355334  4535  1415114523  354141431544441514  53244523  33153211341323353255 
5134452432  3224211544  1335334135442445243534  1215  43151351431514 
1255  4523354415  4453242145  33154444153422154344  4315455143341514  21433533  45231515 
532335  15521534  125145  343553  13353315  12111331  1122112434  11444451431514 
3521  452355  21112443  231511324523  43151335513445243422  2445  4535  3315 
    45232444  45353214  24  253555  125145  45231534  3435  323534221543  22321114 
    24  44153414  45231533  12111331  1122112434  113414  4445431124222345  22433553  441114 
 
1345211143431134 
