 
 
2444  2445  213543  21151143  4535  531545  11  532414355344  155515 
45231145  45233551  1335344451334445  452355  44153221  2434  442434223215  32242115 
1123  2421  45233551  244444511532154444  4423113245  231141  4535  142415 
452315  5335433214  53243232  53112432  45231515  32243115  11  3311311532154444  53242115 
452315  5335433214  53243232  1215  452355  5324143553  113414  4445243232  53151541 
45231145  45233551  3435  21354333  3521  45231515  23114445  32152145  121523243414 
53231534  1552154355  41432452114515  5324143553  53153232  331155  31151541 
1255  132324321443153444  15551544  231543  2351441211341444  4423114115  2434  33243414 
32353531  53231145  1134  5134452343242145  2434  452315  5335433214  14354523  4441153414 
442324214544  125145  232444  4132111315  213543  4445243232  452315  5335433214  153425355544  2445 
125145  12151151455544  5311444515  23114523  2434  452315  5335433214  1134  153414 
113414  31154145  513451441514  452315  51441543  4435  1415444543355544  2445 
    3435  32355215  453553114314  354523154344  2434  45231145  1235443533  44244544 
    45231145  3534  23243344153221  44511323  3351431443355144  4423113315  13353333244544 
 
142431531134 
