 
                                         1 0 
 
213543  4423113315  14153455  45231145  45233551  121511434445  32355215  4535  113455 
532335  213543  452355  44153221  114345  4435  5134414335522414153445 
2243113445  2421  45233551  53243245  45233551  114345  12153235521514  3521  33113455 
125145  45231145  45233551  34353415  3235524445  2444  33354445  15522414153445 
213543  45233551  114345  4435  413544441544441514  53244523  3351431443355144  23114515 
45231145  221124344445  452355  44153221  45233551  44452413314445  343545  4535  1335344441244315 
44151531243422  45231145  121511514515355144  43353521  4535  43512434114515 
5323241323  4535  431541112443  442335513214  1215  452355  1323241521  141544244315 
35  132311342215  452355  45233551222345  45231145  24  331155  132311342215  3355  33243414 
4423113232  23114515  1215  211124431543  323514221514  45231134  221534453215  32355215 
1215  1144  452355  4143154415341315  2444  2243111324355144  113414  31243414 
3543  4535  452355  44153221  1145  3215114445  3124341423151143451514  4143355215 
    33113115  45231515  11343545231543  44153221  213543  32355215  3521  3315 
    45231145  121511514555  4445243232  331155  32245215  2434  4523243415  3543  45231515 
 
1312355145433544 
