 
 
3351442413  4535  23151143  532355  231511434445  45233551  3351442413  4411143255 
445315154544  53244523  445315154544  531143  343545  253555  1415322422234544  2434  253555 
532355  3235524445  45233551  45231145  5323241323  45233551  4315131524524445  343545  223211143255 
3543  15324415  4315131524524445  53244523  4132151144514315  4523243415  1134343555 
2421  452315  45435115  13353413354314  3521  531532324551341514  443551341444 
1255  513424353444  33114343241514  1435  352121153414  4523243415  151143 
45231555  1435  125145  44531515453255  1323241415  45231515  532335  133534213551341444 
2434  44243422321534154444  452315  4111434544  45231145  45233551  4423355132144445  12151143 
33114331  233553  353415  444543243422  4453151545  23514412113414  4535  11343545231543 
44454324311544  15111323  2434  15111323  1255  335145511132  3543141543243422 
43154415331232243422  44244315  113414  1323243214  113414  2311414155  333545231543 
532335  113232  2434  353415  353415  4132151144243422  34354515  1435  44243422 
    5323354415  44411515132332154444  44353422  1215243422  33113455  44151533243422  353415 
    4424342244  45232444  4535  45231515  45233551  442434223215  53243245  4143355215  34353415 
 
2553112215344415 
