 
                                         1 4 
 
343545  21433533  452315  4445114344  1435  24  3355  255114221533153445  4132511331 
113414  551545  3315452324343144  24  23115215  114445433534353355 
125145  343545  4535  45153232  3521  22353514  3543  15522432  32511331 
3521  41321122511544  3521  14151143452344  3543  44151144353444  42511132244555 
343543  131134  24  21354345513415  4535  1243241521  33243451451544  45153232 
4135243445243422  4535  15111323  232444  45235134141543  43112434  113414  53243414 
3543  441155  53244523  41432434131544  2421  2445  4423113232  2235  53153232 
1255  352145  41431514241345  45231145  24  2434  231511521534  21243414 
125145  21433533  4523243415  15551544  3355  313435533215142215  24  141543245215 
113414  1335344445113445  4445114344  2434  45231533  24  43151114  44511323  114345 
1144  4543514523  113414  121511514555  4423113232  4535221545231543  452343245215 
2421  21433533  452355  44153221  4535  4445354315  45233551  53355132144445  13353452154345 
    3543  15324415  3521  45231515  45232444  24  41433522343544452413114515 
    452355  153414  2444  454351452344  113414  12151151455544  14353533  113414  14114515 
 
45451323243422 
