 
                                         1 6 
 
125145  532315431521354315  1435  343545  553551  11  3324222345241543  531155 
33113115  531143  51413534  45232444  123235351455  455543113445  45243315 
113414  21354345242155  55355143  44153221  2434  55355143  1415131155 
53244523  3315113444  33354315  12321544441514  45231134  3355  121143431534  4323553315 
343553  4445113414  553551  3534  452315  453541  3521  2311414155  2335514344 
113414  33113455  331124141534  22114314153444  551545  5134441545 
53244523  5224434551355144  53244423  5335513214  12151143  553551  322452243422  21323553154344 
33511323  3224311543  45231134  55355143  41112434451514  1335513445154321152445 
4435  442335513214  452315  3224341544  3521  32242115  45231145  32242115  431541112443 
5323241323  45232444  4524331544  411534132432  3543  3355  4151412432  411534 
34152445231543  2434  243453114314  5335434523  343543  35514553114314  21112443 
131134  33113115  553551  32245215  55355143  44153221  2434  15551544  3521  331534 
    4535  22245215  11531155  55355143  44153221  3115154144  55355143  44153221  4445243232 
    113414  553551  33514445  32245215  1443115334  1255  55355143  355334  4453151545  4431243232 
 
142431531134 
