 
                                         3 
 
32353531  2434  452355  2232114444  113414  45153232  452315  21111315  45233551  52241553154445 
343553  2444  452315  45243315  45231145  21111315  442335513214  21354333  11343545231543 
5323354415  2143154423  431541112443  2421  343553  45233551  343545  4315341553154445 
45233551  14354445  12152251243215  452315  5335433214  51341232154444  44353315  333545231543 
213543  5323154315  2444  442315  4435  21112443  5323354415  51341511431514  53353312 
1424441411243444  452315  45243232112215  3521  452355  235144121134144355 
3543  532335  2444  2315  4435  21353414  53243232  1215  452315  45353312 
3521  232444  4415322132355215  4535  44453541  413544451543244555 
45233551  114345  452355  33354523154344  2232114444  113414  442315  2434  45231515 
1311323244  12111331  452315  323552153255  1141432432  3521  231543  4143243315 
4435  45233551  45234335512223  53243414355344  3521  4523243415  112215  4423113245  441515 
14154441244515  3521  5343243431321544  45232444  452355  223532141534  45243315 
    125145  2421  45233551  32245215  43153315331215431514  343545  4535  1215 
    142415  442434223215  113414  4523243415  2433112215  14241544  53244523  45231515 
 
2312243422231133 
