 
                                         2 9 
 
53231534  2434  1424442243111315  53244523  21354345513415  113414  33153444  15551544 
24  113232  1132353415  121553151541  3355  35514513114445  4445114515 
113414  45433551123215  14151121  231511521534  53244523  3355  1235354532154444  1343241544 
113414  32353531  51413534  3355  44153221  113414  1351434415  3355  21114515 
53244423243422  3315  32243115  4535  353415  33354315  43241323  2434  23354115 
2115114551431514  32243115  232433  32243115  232433  53244523  21432415341444  413544441544441514 
1415442443243422  45232444  33113444  114345  113414  45231145  33113444  4413354115 
53244523  53231145  24  33354445  1534253555  133534451534451514  3215114445 
551545  2434  4523154415  4523355122234544  3355  44153221  113233354445  141544412444243422 
2311413255  24  4523243431  3534  45231515  113414  45231534  3355  4445114515 
32243115  4535  452315  32114331  1145  1243151131  3521  141155  11432444243422 
21433533  445132321534  1511434523  4424342244  2355333444  1145  23151152153444  22114515 
    213543  452355  4453151545  32355215  43153315331215431514  44511323  531511324523  124324342244 
    45231145  45231534  24  4413354334  4535  132311342215  3355  4445114515  53244523  3124342244 
 
452445232335 
