 
 
35  233553  452355  5335434523  53244523  33113434154344  331155  24  44243422 
53231534  45233551  114345  113232  452315  121545451543  41114345  3521  3315 
53231145  131134  33243415  355334  414311244415  4535  33243415  355334  44153221  1243243422 
113414  53231145  244445  125145  33243415  355334  53231534  24  414311244415  45231515 
15521534  213543  45232444  321545  5144  14245224141514  32245215 
113414  355143  14151143  32355215  32354415  34113315  3521  442434223215  353415 
45231145  1255  45232444  44154111431145243534  24  331155  22245215 
45231145  145115  4535  45231515  5323241323  45233551  1415441543524445  1132353415 
35  11124415341315  53231145  11  45354333153445  53355132144445  45233551  4143355215 
53154315  2445  343545  452355  44355143  32152444514315  22115215  4453151545  3215115215 
4535  153445154345112434  452315  45243315  53244523  4523355122234544  3521  32355215 
5323241323  45243315  113414  4523355122234544  4435  44531515453255  14354523  14151315245215 
    113414  45231145  45233551  4515111323154445  233553  4535  33113115  353415  4553112434 
    1255  4143112444243422  232433  23154315  532335  14354523  2315341315  431533112434 
 
453345113422 
