 
 
1215243422  55355143  4432115215  53231145  442335513214  24  1435  125145  45153414 
51413534  452315  2335514344  113414  4524331544  3521  55355143  141544244315 
24  23115215  3435  4143151324355144  45243315  1145  113232  4535  4441153414 
343543  4415435224131544  4535  1435  45243232  553551  43154251244315 
343543  14114315  24  1323241415  452315  533543321453244523355145153414  23355143 
532324324445  24  3355  443552154315242234  5311451323  452315  1332351331  213543  553551 
343543  4523243431  452315  12244545154334154444  3521  11124415341315  44355143 
53231534  553551  23115215  122414  55355143  44154352113445  35341315  1114241551 
343543  14114315  24  4251154445243534  53244523  3355  25151132355144  45233551222345 
5323154315  553551  331155  1215  3543  55355143  11212111244344  44514141354415 
125145  32243115  11  441114  4432115215  44451155  113414  4523243431  3521  343551222345 
44115215  5323154315  553551  114315  233553  2311414155  553551  33113115  4523354415 
    4435  45435115  11  21353532  2444  32355215  45231145  2434  55355143  53243232 
    452335512223  553551  1435  113455  4523243422  2315  452324343144  3435  243232 
 
3324312453353422 
