 
                                         4 2 
 
45231145  45233551  23114445  231543  2445  2444  343545  113232  3355  2243241521 
113414  551545  2445  331155  1215  44112414  24  3235521514  231543  141511433255 
45231145  442315  23114523  45231515  2444  3521  3355  53112432243422  1323241521 
11  32354444  2434  32355215  45231145  45355113231544  3315  33354315  341511433255 
323552243422  352121153414154344  45235144  24  53243232  155413514415  5515 
45233551  14354445  32355215  231543  12151311514415  45233551  313435534445  24  32355215  231543 
113414  213543  3355  44113115  15521534  4435  14354523  442315  1112514415  3315 
4451212143243422  3355  214324153414  213543  3355  44113115  4535  11414143355215  231543 
2421  24  32354415  45231515  3355  32354444  2444  3355  3235521544  22112434 
113414  323544243422  231543  3355  214324153414  23114523  2135513414  45231145  32354444 
12354523  21243414  15111323  3545231543  113414  24  32354415  12354523  4553112434 
113414  12354523  213543  3355  44113115  321155  3534  3315  45232444  1343354444 
    125145  2315431544  452315  253555  3355  214324153414  113414  24  114315  353415 
    4453151545  2132114545154355  45231534  442315  3235521544  125145  3315  1132353415 
 
25443311441543 
