 
 
442434  3521  4415322132355215  41354444154444154523  113232  33243415  155515 
113414  113232  3355  44355132  113414  113232  3355  1552154355  41114345 
113414  213543  45232444  442434  4523154315  2444  3435  431533151455 
2445  2444  4435  2243355134141514  243453114314  2434  3355  2315114345 
3315452324343144  3435  21111315  4435  2243111324355144  2444  1144  33243415 
3435  4423114115  4435  45435115  3435  4543514523  3521  44511323  11131335513445 
113414  213543  3355  44153221  33243415  355334  5335434523  1435  141521243415 
1144  24  113232  3545231543  2434  113232  533543452344  4451433335513445 
125145  53231534  3355  2232114444  4423355344  3315  3355  44153221  243414151514 
121511451514  113414  1323354145  53244523  451134341514  113445244251244555 
33243415  355334  4415322132355215  4251244515  1335344543114355  24  43151114 
44153221  4435  44153221323552243422  53154315  2434244251244555 
    452444  45231515  3355  44153221  45231145  213543  3355  44153221  24  414311244415 
    4111243445243422  3355  112215  53244523  121511514555  3521  452355  14115544 
 
1111533535 
