 
                                         2 
 
53231534  2135434555  53243445154344  4423113232  12154424152215  452355  12433553 
113414  142422  14151541  4543153413231544  2434  452355  12151151455544  2124153214 
452355  553551452344  4143355114  322452154355  4435  2211441514  3534  343553 
53243232  1215  11  4511454515431514  53151514  3521  4433113232  5335434523  23153214 
45231534  1215243422  1144311514  5323154315  113232  452355  121511514555  32241544 
5323154315  113232  452315  4543151144514315  3521  452355  3251444555  14115544 
4535  441155  532445232434  4523243415  355334  14151541  445134311534  15551544 
53154315  1134  113232151145243422  4423113315  113414  45234324214532154444  414311244415 
233553  33511323  33354315  414311244415  1415441543521514  452355  12151151455544  514415 
2421  45233551  13355132144445  113444531543  45232444  21112443  1323243214  3521  33243415 
4423113232  445133  3355  1335513445  113414  33113115  3355  353214  155413514415 
41433552243422  232444  121511514555  1255  44511313154444243534  4523243415 
    45232444  53154315  4535  1215  341553  33111415  53231534  45233551  114345  353214 
    113414  441515  452355  1232353514  53114333  53231534  45233551  211515324445  2445  13353214 
 
4133354324142411 
