 
 
452355  1235443533  2444  1534141511431514  53244523  113232  231511434544 
5323241323  24  1255  32111331243422  23115215  4451414135441514  14151114 
113414  4523154315  431524223444  32355215  113414  113232  3235521544  323552243422  4111434544 
113414  113232  4523354415  21432415341444  5323241323  24  45233551222345  125143241514 
233553  33113455  11  23353255  113414  35124415425124355144  45151143 
23114523  14151143  431532242224355144  32355215  4445353234  21433533  33243415  155515 
1144  2434451543154445  3521  452315  14151114  5323241323  343553  114141151143 
125145  452324342244  43153335521514  45231145  232414141534  2434  45231515  322415 
45233551  114345  452315  2243115215  5323154315  125143241514  32355215  14354523  32245215 
23513422  53244523  452315  4543354123241544  3521  3355  323552154344  22353415 
532335  113232  4523152443  4111434544  3521  3315  4535  45231515  142414  22245215 
45231145  145115  3521  33113455  343553  2444  4523243415  1132353415 
    4523152443  243311221544  24  3235521514  24  52241553  2434  45231515 
    113414  45233551  113232  45231555  23114445  113232  452315  113232  3521  3315 
 
343313231534 
