 
 
11  533533113444  21111315  53244523  34114551431544  355334  23113414  41112434451514 
23114445  45233551  452315  331144451543  3324444543154444  3521  3355  41114444243534 
11  533533113444  221534453215  2315114345  125145  343545  11134251112434451514 
53244523  4423242145243422  132311342215  1144  2444  2111324415  533533153444  21114423243534 
1134  155515  33354315  124324222345  45231134  452315244344  32154444  2111324415  2434  43353232243422 
22243214243422  452315  351225151345  532315431551413534  2445  221144154523 
11  331134  2434  235115  113232  23511544  2434  232444  1335344543353232243422 
5323241323  444515113244  33153444  15551544  113414  533533153444  4435513244  11331144154523 
113414  213543  11  5335331134  53154345  45233551  2124434445  13431511451514 
45243232  341145514315  1144  442315  53433551222345  45231515  21153232  11143545243422 
113414  1255  1114142445243534  3315  3521  45231515  1415211511451514 
1255  111414243422  353415  4523243422  4535  3355  41514341354415  34354523243422 
    125145  4424341315  442315  41432413311514  45231515  355145  213543  533533153444  4132151144514315 
    33243415  1215  452355  32355215  113414  452355  3235521544  514415  4523152443  4543151144514315 
 
412433154324 
