 
                                         3 7 
 
1144  11  1415134315412445  211145231543  4511311544  14153224222345 
4535  441515  232444  111345245215  1323243214  1435  1415151444  3521  5535514523 
4435  24  33111415  32113315  1255  2135434551341544  14151143154445  4441244515 
45113115  113232  3355  13353321354345  3521  452355  5335434523  113414  4543514523 
213543  53231545231543  121511514555  1224434523  3543  531511324523  3543  532445 
3543  113455  3521  4523154415  113232  3543  113232  3543  33354315 
1534452445321514  2434  452355  4111434544  1435  13433553341514  442445 
24  33113115  3355  32355215  153422431121451514  4535  45232444  4445354315 
4435  45231534  24  1133  343545  32113315  41353543  343543  1415444124441514 
532324324445  45231145  45232444  442311143553  14354523  44511323  445112444511341315  22245215 
45231145  24  2434  452355  111251341411341315  1133  4451212124131514 
113414  1255  11  41114345  3521  113232  452355  2232354355  32245215 
    32353531  53231145  2444  12154445  45231145  12154445  24  53244423  2434  45231515 
    45232444  53244423  24  23115215  45231534  451534  4524331544  2311414155  3315 
 
15431335321151 
